faceanim:3
16
0.332500
0.334900
0.513323
0.512029
0.433750
0.567233
0.413510
0.585900
e 0
0.000000
1 0.416865 0.324281 -0.010000 0.010000 0.839122 0.821924 0.000000
1 0.578395 0.324281 0.010000 0.010500 0.839122 0.821924 0.000000
1 0.448857 0.400309 -0.006000 0.000000 0.432330 0.328769 0.000000
1 0.546145 0.398254 0.006000 0.000000 0.431899 0.328769 0.000000
0 0.442039 0.324281 0.000000 0.000000 0.839122 0.821924 0.000000
0 0.609863 0.324281 0.000000 0.000000 0.839122 0.821924 0.000000
0 0.442039 0.324281 0.000000 0.000000 0.839122 0.821924 0.000000
0 0.609863 0.324281 0.000000 0.000000 0.839122 0.821924 0.000000
0 0.298207 0.488665 0.000000 0.000000 0.898745 0.821924 0.000000
0 0.747579 0.488665 0.000000 0.000000 0.898745 0.821924 0.000000
0 0.298207 0.488665 0.000000 0.000000 0.898745 0.821924 0.000000
0 0.747579 0.488665 0.000000 0.000000 0.898745 0.821924 0.000000
0 0.298207 0.488665 0.000000 0.000000 0.898745 0.821924 0.000000
0 0.747579 0.488665 0.000000 0.000000 0.898745 0.821924 0.000000
0 0.298207 0.488665 0.000000 0.000000 0.898745 0.821924 0.000000
0 0.747579 0.488665 0.000000 0.000000 0.898745 0.821924 0.000000
e 1
0.000000
1 0.467298 0.316062 0.015000 -0.005000 0.844183 0.821924 0.000000
1 0.543274 0.316062 -0.010000 -0.005000 0.844183 0.821924 0.000000
0 0.442039 0.324281 0.000000 0.000000 0.839122 0.821924 0.000000
0 0.609863 0.324281 0.000000 0.000000 0.839122 0.821924 0.000000
0 0.442039 0.324281 0.000000 0.000000 0.839122 0.821924 0.000000
0 0.609863 0.324281 0.000000 0.000000 0.839122 0.821924 0.000000
0 0.442039 0.324281 0.000000 0.000000 0.839122 0.821924 0.000000
0 0.609863 0.324281 0.000000 0.000000 0.839122 0.821924 0.000000
0 0.298207 0.488665 0.000000 0.000000 0.898745 0.821924 0.000000
0 0.747579 0.488665 0.000000 0.000000 0.898745 0.821924 0.000000
0 0.298207 0.488665 0.000000 0.000000 0.898745 0.821924 0.000000
0 0.747579 0.488665 0.000000 0.000000 0.898745 0.821924 0.000000
0 0.298207 0.488665 0.000000 0.000000 0.898745 0.821924 0.000000
0 0.747579 0.488665 0.000000 0.000000 0.898745 0.821924 0.000000
0 0.298207 0.488665 0.000000 0.000000 0.898745 0.821924 0.000000
0 0.747579 0.488665 0.000000 0.000000 0.898745 0.821924 0.000000
e 2
-0.060000
1 0.389139 0.365377 -0.020000 0.035000 1.104377 1.397269 20.000000
1 0.610256 0.373597 0.020000 0.032500 1.109130 1.397269 -20.000000
1 0.449989 0.258528 0.007500 -0.020000 1.507491 0.904115 -70.000000
1 0.565267 0.258528 -0.007500 -0.022000 1.507491 0.904115 70.000000
2 0.475873 0.307842 -0.020000 0.015000 0.679574 0.821924 -30.000000
2 0.518347 0.307842 0.020000 0.015000 0.679574 0.821924 30.000000
3 0.487977 0.332500 -0.022500 -0.007500 0.667415 0.739731 -50.000000
3 0.508834 0.332500 0.022500 -0.010000 0.667415 0.739731 50.000000
1 0.407767 0.496885 0.000000 0.012500 0.901644 0.328769 0.000000
1 0.590299 0.488665 0.000000 0.012500 0.898745 0.328769 0.000000
1 0.364415 0.531816 0.005000 -0.005000 0.456754 0.328769 -40.000000
1 0.631425 0.521542 -0.005000 -0.002500 0.455047 0.328769 40.000000
1 0.361339 0.513323 -0.005000 -0.002500 0.907318 0.821924 0.000000
1 0.635576 0.503049 0.005000 -0.002500 0.903791 0.821924 0.000000
1 0.448857 0.400309 -0.010000 0.000000 0.432330 0.328769 0.000000
1 0.546145 0.398254 0.010000 0.000000 0.431899 0.328769 0.000000
e 3
0.000000
1 0.502563 0.274965 0.000000 0.022500 0.873141 0.821924 0.000000
1 0.499808 0.357158 0.000000 -0.007000 0.845802 0.821924 0.000000
0 0.442039 0.324281 0.000000 0.000000 0.839122 0.821924 0.000000
0 0.609863 0.324281 0.000000 0.000000 0.839122 0.821924 0.000000
0 0.442039 0.324281 0.000000 0.000000 0.839122 0.821924 0.000000
0 0.609863 0.324281 0.000000 0.000000 0.839122 0.821924 0.000000
0 0.442039 0.324281 0.000000 0.000000 0.839122 0.821924 0.000000
0 0.609863 0.324281 0.000000 0.000000 0.839122 0.821924 0.000000
0 0.298207 0.488665 0.000000 0.000000 0.898745 0.821924 0.000000
0 0.747579 0.488665 0.000000 0.000000 0.898745 0.821924 0.000000
0 0.298207 0.488665 0.000000 0.000000 0.898745 0.821924 0.000000
0 0.747579 0.488665 0.000000 0.000000 0.898745 0.821924 0.000000
0 0.298207 0.488665 0.000000 0.000000 0.898745 0.821924 0.000000
0 0.747579 0.488665 0.000000 0.000000 0.898745 0.821924 0.000000
0 0.298207 0.488665 0.000000 0.000000 0.898745 0.821924 0.000000
0 0.747579 0.488665 0.000000 0.000000 0.898745 0.821924 0.000000
e 3
0.000000
1 0.400241 0.579077 0.000000 0.012500 0.928472 0.821924 0.000000
1 0.585920 0.587295 0.000000 0.013000 0.930956 0.821924 0.000000
0 0.442039 0.324281 0.000000 0.000000 0.839122 0.821924 0.000000
0 0.609863 0.324281 0.000000 0.000000 0.839122 0.821924 0.000000
0 0.442039 0.324281 0.000000 0.000000 0.839122 0.821924 0.000000
0 0.609863 0.324281 0.000000 0.000000 0.839122 0.821924 0.000000
0 0.442039 0.324281 0.000000 0.000000 0.839122 0.821924 0.000000
0 0.609863 0.324281 0.000000 0.000000 0.839122 0.821924 0.000000
0 0.298207 0.488665 0.000000 0.000000 0.898745 0.821924 0.000000
0 0.747579 0.488665 0.000000 0.000000 0.898745 0.821924 0.000000
0 0.298207 0.488665 0.000000 0.000000 0.898745 0.821924 0.000000
0 0.747579 0.488665 0.000000 0.000000 0.898745 0.821924 0.000000
0 0.298207 0.488665 0.000000 0.000000 0.898745 0.821924 0.000000
0 0.747579 0.488665 0.000000 0.000000 0.898745 0.821924 0.000000
0 0.298207 0.488665 0.000000 0.000000 0.898745 0.821924 0.000000
0 0.747579 0.488665 0.000000 0.000000 0.898745 0.821924 0.000000
e 3
0.000000
1 0.382971 0.439351 0.002500 0.017500 0.880414 0.821924 0.000000
1 0.611879 0.439351 -0.005000 0.018000 0.880414 0.821924 0.000000
0 0.442039 0.324281 0.000000 0.000000 0.839122 0.821924 0.000000
0 0.609863 0.324281 0.000000 0.000000 0.839122 0.821924 0.000000
0 0.442039 0.324281 0.000000 0.000000 0.839122 0.821924 0.000000
0 0.609863 0.324281 0.000000 0.000000 0.839122 0.821924 0.000000
0 0.442039 0.324281 0.000000 0.000000 0.839122 0.821924 0.000000
0 0.609863 0.324281 0.000000 0.000000 0.839122 0.821924 0.000000
0 0.298207 0.488665 0.000000 0.000000 0.898745 0.821924 0.000000
0 0.747579 0.488665 0.000000 0.000000 0.898745 0.821924 0.000000
0 0.298207 0.488665 0.000000 0.000000 0.898745 0.821924 0.000000
0 0.747579 0.488665 0.000000 0.000000 0.898745 0.821924 0.000000
0 0.298207 0.488665 0.000000 0.000000 0.898745 0.821924 0.000000
0 0.747579 0.488665 0.000000 0.000000 0.898745 0.821924 0.000000
0 0.298207 0.488665 0.000000 0.000000 0.898745 0.821924 0.000000
0 0.747579 0.488665 0.000000 0.000000 0.898745 0.821924 0.000000
e 3
0.000000
0 0.408966 0.450225 -0.000738 0.022201 0.868873 0.603587 0.000000
0 0.593725 0.454661 -0.011241 0.042057 0.870184 0.603587 0.000000
0 0.452167 0.593763 0.005000 -0.032496 0.601014 0.875184 -115.000000
0 0.540483 0.595520 0.002813 -0.031428 0.601278 0.875184 115.000000
0 0.412770 0.518955 0.004766 -0.012265 0.423907 0.237374 0.000000
0 0.585373 0.528078 -0.003790 -0.015195 0.425027 0.237374 0.000000
0 0.461336 0.393872 -0.009783 0.015256 0.431251 0.328769 0.000000
0 0.529911 0.400667 0.011280 0.012891 0.432303 0.328769 0.000000
0 0.476482 0.340548 -0.008789 0.017666 0.349048 0.449762 25.000000
0 0.523410 0.339744 0.005860 0.016233 0.348921 0.449762 -25.000000
0 0.498406 0.325352 0.000977 -0.022461 0.607203 0.481620 0.000000
0 0.498553 0.267428 0.001953 -0.014280 1.330482 0.778480 0.000000
0 0.407118 0.531509 0.000565 0.004167 0.656526 0.393510 0.000000
0 0.496278 0.386333 0.000151 0.010742 0.628565 0.153868 0.000000
0 0.298207 0.488665 0.000000 0.000000 0.898745 0.821924 0.000000
0 0.747579 0.488665 0.000000 0.000000 0.898745 0.821924 0.000000
e 3
0.000000
0 0.377807 0.168115 -0.007500 -0.007500 0.995031 0.554187 0.000000
1 0.502454 0.168115 0.000000 0.012500 0.995031 0.554187 0.000000
1 -0.235799 -0.019406 0.000000 0.009023 7.299881 3.009178 0.000000
1 1.275939 -0.017983 0.000000 0.006094 6.709436 3.046165 0.000000
0 0.442039 0.324281 0.000000 0.000000 0.839122 0.821924 0.000000
0 0.609863 0.324281 0.000000 0.000000 0.839122 0.821924 0.000000
0 0.442039 0.324281 0.000000 0.000000 0.839122 0.821924 0.000000
0 0.609863 0.324281 0.000000 0.000000 0.839122 0.821924 0.000000
0 0.298207 0.488665 0.000000 0.000000 0.898745 0.821924 0.000000
0 0.747579 0.488665 0.000000 0.000000 0.898745 0.821924 0.000000
0 0.298207 0.488665 0.000000 0.000000 0.898745 0.821924 0.000000
0 0.747579 0.488665 0.000000 0.000000 0.898745 0.821924 0.000000
0 0.298207 0.488665 0.000000 0.000000 0.898745 0.821924 0.000000
0 0.747579 0.488665 0.000000 0.000000 0.898745 0.821924 0.000000
0 0.298207 0.488665 0.000000 0.000000 0.898745 0.821924 0.000000
0 0.747579 0.488665 0.000000 0.000000 0.898745 0.821924 0.000000
e 3
0.000000
1 -0.049034 0.131448 0.001485 0.077968 4.076735 4.584169 5.000000
0 0.610256 0.373597 0.020000 0.030000 3.493003 3.939741 -5.000000
0 0.442039 0.324281 0.000000 0.000000 0.839122 0.821924 0.000000
0 0.609863 0.324281 0.000000 0.000000 0.839122 0.821924 0.000000
0 0.484182 0.316062 -0.017500 0.012500 0.675346 0.821924 -30.000000
0 0.517949 0.316062 0.020000 0.012500 0.675346 0.821924 30.000000
0 0.467213 0.324281 -0.005000 -0.005000 0.419560 0.821924 -60.000000
0 0.525950 0.324281 0.005000 -0.002500 0.419560 0.821924 60.000000
0 0.311558 0.283184 0.000000 0.000000 0.866808 0.821924 0.000000
0 0.744963 0.283184 0.000000 0.000000 0.866808 0.821924 0.000000
0 0.311558 0.283184 0.000000 0.000000 0.866808 0.821924 0.000000
0 0.744963 0.283184 0.000000 0.000000 0.866808 0.821924 0.000000
0 0.311558 0.283184 0.000000 0.000000 0.866808 0.821924 0.000000
0 0.744963 0.283184 0.000000 0.000000 0.866808 0.821924 0.000000
0 0.311558 0.283184 0.000000 0.000000 0.866808 0.821924 0.000000
0 0.744963 0.283184 0.000000 0.000000 0.866808 0.821924 0.000000
e 3
-0.060000
0 0.393105 0.365377 -0.020000 0.035000 2.849693 4.128627 5.000000
1 1.065055 0.114687 0.004375 0.065703 4.331583 4.546867 -5.000000
0 0.449989 0.258528 0.007500 -0.020000 1.507491 0.904115 -70.000000
0 0.565267 0.258528 -0.007500 -0.022000 1.507491 0.904115 70.000000
0 0.475873 0.307842 -0.020000 0.015000 0.679574 0.821924 -30.000000
0 0.518347 0.307842 0.020000 0.015000 0.679574 0.821924 30.000000
0 0.487977 0.332500 -0.022500 -0.007500 0.667415 0.739731 -50.000000
0 0.508834 0.332500 0.022500 -0.010000 0.667415 0.739731 50.000000
0 0.407767 0.496885 0.000000 0.012500 0.901644 0.328769 0.000000
0 0.590299 0.488665 0.000000 0.012500 0.898745 0.328769 0.000000
0 0.364415 0.531816 0.005000 -0.005000 0.456754 0.328769 -40.000000
0 0.631425 0.521542 -0.005000 -0.002500 0.455047 0.328769 40.000000
0 0.361339 0.513323 -0.005000 -0.002500 0.907318 0.821924 0.000000
0 0.635576 0.503049 0.005000 -0.002500 0.903791 0.821924 0.000000
0 0.448857 0.400309 -0.010000 0.000000 0.432330 0.328769 0.000000
0 0.546145 0.398254 0.010000 0.000000 0.431899 0.328769 0.000000
e 3
0.000000
1 -0.167635 0.110734 -0.003828 0.086758 4.919105 4.247873 -2.500000
1 1.227033 0.102966 0.002422 0.090547 5.072025 4.300509 2.500000
0 0.442039 0.324281 0.000000 0.000000 0.839122 0.821924 0.000000
0 0.609863 0.324281 0.000000 0.000000 0.839122 0.821924 0.000000
0 0.484182 0.316062 -0.017500 0.012500 0.675346 0.821924 -30.000000
0 0.517949 0.316062 0.020000 0.012500 0.675346 0.821924 30.000000
0 0.467213 0.324281 -0.005000 -0.005000 0.419560 0.821924 -60.000000
0 0.525950 0.324281 0.005000 -0.002500 0.419560 0.821924 60.000000
0 0.311558 0.283184 0.000000 0.000000 0.866808 0.821924 0.000000
0 0.744963 0.283184 0.000000 0.000000 0.866808 0.821924 0.000000
0 0.311558 0.283184 0.000000 0.000000 0.866808 0.821924 0.000000
0 0.744963 0.283184 0.000000 0.000000 0.866808 0.821924 0.000000
0 0.311558 0.283184 0.000000 0.000000 0.866808 0.821924 0.000000
0 0.744963 0.283184 0.000000 0.000000 0.866808 0.821924 0.000000
0 0.311558 0.283184 0.000000 0.000000 0.866808 0.821924 0.000000
0 0.744963 0.283184 0.000000 0.000000 0.866808 0.821924 0.000000
e 3
-0.010000
1 0.393907 0.359213 -0.007500 0.005000 1.016084 1.315077 20.000000
1 0.607522 0.353049 0.005000 0.005000 1.012704 1.315077 -20.000000
1 0.449989 0.258528 0.000000 0.000000 1.507491 0.904115 -70.000000
1 0.565267 0.258528 0.000000 0.000500 1.507491 0.904115 70.000000
2 0.475873 0.307842 -0.020000 0.010000 0.679574 0.904115 0.000000
2 0.518347 0.307842 0.020000 0.015000 0.679574 0.904115 0.000000
3 0.487977 0.332500 -0.012500 -0.012500 0.583988 0.657538 -50.000000
3 0.508834 0.332500 0.020000 -0.005000 0.583988 0.657538 50.000000
0 0.311558 0.283184 0.000000 0.000000 0.866808 0.821924 0.000000
0 0.744963 0.283184 0.000000 0.000000 0.866808 0.821924 0.000000
0 0.311558 0.283184 0.000000 0.000000 0.866808 0.821924 0.000000
0 0.744963 0.283184 0.000000 0.000000 0.866808 0.821924 0.000000
0 0.311558 0.283184 0.000000 0.000000 0.866808 0.821924 0.000000
0 0.744963 0.283184 0.000000 0.000000 0.866808 0.821924 0.000000
0 0.311558 0.283184 0.000000 0.000000 0.866808 0.821924 0.000000
0 0.744963 0.283184 0.000000 0.000000 0.866808 0.821924 0.000000
e 3
-0.050000
1 0.404207 0.322226 0.005000 -0.002500 0.588257 0.575347 -50.000000
1 0.599374 0.324281 -0.007500 0.000000 0.587385 0.575347 50.000000
1 0.449989 0.258528 0.010000 -0.012500 1.507491 0.904115 -70.000000
1 0.565267 0.258528 -0.010000 -0.014500 1.507491 0.904115 70.000000
2 0.494546 0.322226 -0.005000 0.007500 0.420183 0.739731 30.000000
2 0.505051 0.322226 0.002500 0.007500 0.420183 0.739731 -30.000000
3 0.486642 0.301679 -0.005000 -0.005000 0.682868 0.739731 -50.000000
3 0.510116 0.301679 0.010000 -0.005000 0.682868 0.739731 50.000000
0 0.311558 0.283184 0.000000 0.000000 0.866808 0.821924 0.000000
0 0.744963 0.283184 0.000000 0.000000 0.866808 0.821924 0.000000
0 0.311558 0.283184 0.000000 0.000000 0.866808 0.821924 0.000000
0 0.744963 0.283184 0.000000 0.000000 0.866808 0.821924 0.000000
0 0.311558 0.283184 0.000000 0.000000 0.866808 0.821924 0.000000
0 0.744963 0.283184 0.000000 0.000000 0.866808 0.821924 0.000000
0 0.311558 0.283184 0.000000 0.000000 0.866808 0.821924 0.000000
0 0.744963 0.283184 0.000000 0.000000 0.866808 0.821924 0.000000
e 3
-0.080000
1 0.389139 0.365377 0.000000 0.012500 1.019426 1.315077 30.000000
1 0.609889 0.361267 0.000000 0.017500 1.017203 1.315077 -30.000000
1 0.450156 0.272911 0.007500 -0.025000 1.487112 0.904115 -70.000000
1 0.561500 0.274965 -0.005000 -0.027000 1.484340 0.904115 70.000000
2 0.471627 0.307842 -0.020000 0.015000 0.679574 0.821924 110.000000
2 0.520470 0.307842 0.020000 0.017500 0.679574 0.821924 -110.000000
3 0.489906 0.332500 -0.015000 -0.007500 0.667415 0.739731 -80.000000
3 0.508834 0.332500 0.022500 -0.010000 0.667415 0.739731 80.000000
0 0.311558 0.283184 0.000000 0.000000 0.866808 0.821924 0.000000
0 0.744963 0.283184 0.000000 0.000000 0.866808 0.821924 0.000000
0 0.311558 0.283184 0.000000 0.000000 0.866808 0.821924 0.000000
0 0.744963 0.283184 0.000000 0.000000 0.866808 0.821924 0.000000
0 0.311558 0.283184 0.000000 0.000000 0.866808 0.821924 0.000000
0 0.744963 0.283184 0.000000 0.000000 0.866808 0.821924 0.000000
0 0.311558 0.283184 0.000000 0.000000 0.866808 0.821924 0.000000
0 0.744963 0.283184 0.000000 0.000000 0.866808 0.821924 0.000000
e 3
0.000000
1 0.385449 0.551894 0.001719 -0.002734 0.456119 0.476236 0.000000
1 0.434416 0.530556 -0.007461 0.011867 0.890763 0.493307 0.000000
1 0.437545 0.564377 0.016992 -0.012969 0.749219 0.915814 20.000000
1 0.558207 0.570699 -0.019063 -0.011563 0.742939 0.821924 -20.000000
1 0.565767 0.535927 0.006836 0.006836 0.853858 0.443507 180.000000
1 0.615269 0.533251 0.000000 -0.004688 0.446437 0.551623 -180.000000
0 0.442067 0.328391 0.000000 0.000000 0.836670 0.739731 0.000000
0 0.506590 0.283184 0.000000 0.022500 0.866808 0.739731 0.000000
0 0.311558 0.283184 0.000000 0.000000 0.866808 0.821924 0.000000
0 0.744963 0.283184 0.000000 0.000000 0.866808 0.821924 0.000000
0 0.311558 0.283184 0.000000 0.000000 0.866808 0.821924 0.000000
0 0.744963 0.283184 0.000000 0.000000 0.866808 0.821924 0.000000
0 0.311558 0.283184 0.000000 0.000000 0.866808 0.821924 0.000000
0 0.744963 0.283184 0.000000 0.000000 0.866808 0.821924 0.000000
0 0.311558 0.283184 0.000000 0.000000 0.866808 0.821924 0.000000
0 0.744963 0.283184 0.000000 0.000000 0.866808 0.821924 0.000000
e 3
-0.400000
3 0.468759 0.276377 -0.010508 -0.038554 1.078143 3.698710 -12.500000
3 0.541379 0.278262 0.010977 -0.037186 1.044266 3.720048 12.500000
3 0.427176 0.324887 0.018322 -0.003281 0.852506 0.786359 0.000000
3 0.587687 0.317807 -0.015858 -0.003007 0.881767 0.784936 0.000000
2 0.479912 0.342027 -0.001953 0.004882 0.581492 0.820500 0.000000
2 0.515052 0.341693 0.000978 0.005897 0.881615 0.821924 0.000000
2 0.501804 0.234770 0.000978 -0.040038 2.401371 0.964181 0.000000
0 0.504001 0.274278 -0.000196 -0.011680 0.846797 0.456320 0.000000
2 0.415589 0.318559 0.008789 -0.044923 0.817054 0.779720 -62.500000
2 0.587756 0.315934 -0.007812 -0.041017 0.996068 0.779720 62.500000
1 0.336013 0.283375 0.005860 0.000976 1.042782 1.949746 25.000000
1 0.661100 0.273056 -0.004570 -0.001523 1.077282 1.936943 -25.000000
0 0.308838 0.283184 0.000000 0.000000 0.871969 0.821924 0.000000
0 0.744822 0.283184 0.000000 0.000000 0.871969 0.821924 0.000000
0 0.308838 0.283184 0.000000 0.000000 0.871969 0.821924 0.000000
0 0.744822 0.283184 0.000000 0.000000 0.871969 0.821924 0.000000
